{
  "layer_22_width_16k_l0_medium": {
    "weekday": {
      "top1": {
        "0": 1654,
        "1": 14886,
        "2": 14886,
        "3": 14886,
        "4": 1654,
        "5": 1654,
        "6": 1654
      },
      "n_distinct_feats": 2,
      "adjacent_mean_cos": -0.0902,
      "adjacent_max_cos": -0.0902,
      "nonadjacent_mean_cos": -0.0902,
      "nonadjacent_max_cos": -0.0902,
      "cos_matrix": [
        [
          1.0,
          -0.09,
          -0.09,
          -0.09,
          1.0,
          1.0,
          1.0
        ],
        [
          -0.09,
          1.0,
          1.0,
          1.0,
          -0.09,
          -0.09,
          -0.09
        ],
        [
          -0.09,
          1.0,
          1.0,
          1.0,
          -0.09,
          -0.09,
          -0.09
        ],
        [
          -0.09,
          1.0,
          1.0,
          1.0,
          -0.09,
          -0.09,
          -0.09
        ],
        [
          1.0,
          -0.09,
          -0.09,
          -0.09,
          1.0,
          1.0,
          1.0
        ],
        [
          1.0,
          -0.09,
          -0.09,
          -0.09,
          1.0,
          1.0,
          1.0
        ],
        [
          1.0,
          -0.09,
          -0.09,
          -0.09,
          1.0,
          1.0,
          1.0
        ]
      ]
    },
    "month": {
      "top1": {
        "0": 5842,
        "1": 6873,
        "2": 11177,
        "3": 5842,
        "4": 5643,
        "5": 5842,
        "6": 5081,
        "7": 5081,
        "8": 13225,
        "9": 14994,
        "10": 13335,
        "11": 13335
      },
      "n_distinct_feats": 8,
      "adjacent_mean_cos": -0.038,
      "adjacent_max_cos": 0.0965,
      "nonadjacent_mean_cos": -0.0442,
      "nonadjacent_max_cos": 0.0965,
      "cos_matrix": [
        [
          1.0,
          0.005,
          -0.028,
          1.0,
          -0.14,
          1.0,
          -0.211,
          -0.211,
          -0.073,
          -0.095,
          -0.101,
          -0.101
        ],
        [
          0.005,
          1.0,
          0.061,
          0.005,
          -0.042,
          0.005,
          -0.014,
          -0.014,
          -0.006,
          -0.017,
          -0.034,
          -0.034
        ],
        [
          -0.028,
          0.061,
          1.0,
          -0.028,
          -0.041,
          -0.028,
          0.021,
          0.021,
          0.042,
          -0.04,
          -0.005,
          -0.005
        ],
        [
          1.0,
          0.005,
          -0.028,
          1.0,
          -0.14,
          1.0,
          -0.211,
          -0.211,
          -0.073,
          -0.095,
          -0.101,
          -0.101
        ],
        [
          -0.14,
          -0.042,
          -0.041,
          -0.14,
          1.0,
          -0.14,
          0.017,
          0.017,
          -0.003,
          -0.014,
          -0.065,
          -0.065
        ],
        [
          1.0,
          0.005,
          -0.028,
          1.0,
          -0.14,
          1.0,
          -0.211,
          -0.211,
          -0.073,
          -0.095,
          -0.101,
          -0.101
        ],
        [
          -0.211,
          -0.014,
          0.021,
          -0.211,
          0.017,
          -0.211,
          1.0,
          1.0,
          0.096,
          0.011,
          0.024,
          0.024
        ],
        [
          -0.211,
          -0.014,
          0.021,
          -0.211,
          0.017,
          -0.211,
          1.0,
          1.0,
          0.096,
          0.011,
          0.024,
          0.024
        ],
        [
          -0.073,
          -0.006,
          0.042,
          -0.073,
          -0.003,
          -0.073,
          0.096,
          0.096,
          1.0,
          -0.011,
          -0.009,
          -0.009
        ],
        [
          -0.095,
          -0.017,
          -0.04,
          -0.095,
          -0.014,
          -0.095,
          0.011,
          0.011,
          -0.011,
          1.0,
          0.089,
          0.089
        ],
        [
          -0.101,
          -0.034,
          -0.005,
          -0.101,
          -0.065,
          -0.101,
          0.024,
          0.024,
          -0.009,
          0.089,
          1.0,
          1.0
        ],
        [
          -0.101,
          -0.034,
          -0.005,
          -0.101,
          -0.065,
          -0.101,
          0.024,
          0.024,
          -0.009,
          0.089,
          1.0,
          1.0
        ]
      ],
      "decoder_angle_test": {
        "explained_frac_pc12": 0.4941,
        "angles": {
          "6": -2.3784,
          "7": -2.3784,
          "4": -2.5541,
          "0": -0.0615,
          "3": -0.0615,
          "5": -0.0615,
          "1": -2.0105,
          "2": -2.4982,
          "8": -2.4655,
          "10": 1.9765,
          "11": 1.9765,
          "9": 2.6068
        },
        "fisher_lee_r": 0.2076,
        "p_perm": 0.099895,
        "proj": [
          [
            -0.57839,
            -0.55328
          ],
          [
            -0.57839,
            -0.55328
          ],
          [
            -0.20862,
            -0.13894
          ],
          [
            0.86262,
            -0.05308
          ],
          [
            0.86262,
            -0.05308
          ],
          [
            0.86262,
            -0.05308
          ],
          [
            -0.03746,
            -0.07961
          ],
          [
            -0.10302,
            -0.07726
          ],
          [
            -0.19465,
            -0.15615
          ],
          [
            -0.34345,
            0.7995
          ],
          [
            -0.34345,
            0.7995
          ],
          [
            -0.20044,
            0.11875
          ]
        ]
      }
    }
  },
  "layer_22_width_65k_l0_medium": {
    "weekday": {
      "top1": {
        "0": 54671,
        "1": 54671,
        "2": 27617,
        "3": 27617,
        "4": 27617,
        "5": 19491,
        "6": 19491
      },
      "n_distinct_feats": 3,
      "adjacent_mean_cos": -0.117,
      "adjacent_max_cos": -0.092,
      "nonadjacent_mean_cos": -0.114,
      "nonadjacent_max_cos": -0.092,
      "cos_matrix": [
        [
          1.0,
          1.0,
          -0.092,
          -0.092,
          -0.092,
          -0.137,
          -0.137
        ],
        [
          1.0,
          1.0,
          -0.092,
          -0.092,
          -0.092,
          -0.137,
          -0.137
        ],
        [
          -0.092,
          -0.092,
          1.0,
          1.0,
          1.0,
          -0.122,
          -0.122
        ],
        [
          -0.092,
          -0.092,
          1.0,
          1.0,
          1.0,
          -0.122,
          -0.122
        ],
        [
          -0.092,
          -0.092,
          1.0,
          1.0,
          1.0,
          -0.122,
          -0.122
        ],
        [
          -0.137,
          -0.137,
          -0.122,
          -0.122,
          -0.122,
          1.0,
          1.0
        ],
        [
          -0.137,
          -0.137,
          -0.122,
          -0.122,
          -0.122,
          1.0,
          1.0
        ]
      ]
    },
    "month": {
      "top1": {
        "0": 62930,
        "1": 15084,
        "2": 30966,
        "3": 21800,
        "4": 9730,
        "5": 35148,
        "6": 31724,
        "7": 46371,
        "8": 4880,
        "9": 15940,
        "10": 48450,
        "11": 44815
      },
      "n_distinct_feats": 12,
      "adjacent_mean_cos": 0.0928,
      "adjacent_max_cos": 0.3164,
      "nonadjacent_mean_cos": -0.0475,
      "nonadjacent_max_cos": 0.2232,
      "cos_matrix": [
        [
          1.0,
          0.054,
          -0.055,
          -0.097,
          -0.031,
          -0.063,
          -0.049,
          -0.012,
          -0.014,
          -0.056,
          -0.106,
          -0.074
        ],
        [
          0.054,
          1.0,
          0.082,
          0.223,
          0.008,
          -0.195,
          -0.243,
          -0.162,
          -0.138,
          -0.044,
          -0.041,
          -0.07
        ],
        [
          -0.055,
          0.082,
          1.0,
          0.195,
          0.008,
          -0.009,
          -0.106,
          -0.057,
          0.01,
          -0.047,
          0.003,
          0.01
        ],
        [
          -0.097,
          0.223,
          0.195,
          1.0,
          -0.057,
          0.136,
          -0.057,
          -0.125,
          -0.241,
          -0.07,
          -0.063,
          -0.132
        ],
        [
          -0.031,
          0.008,
          0.008,
          -0.057,
          1.0,
          -0.002,
          0.011,
          0.046,
          0.086,
          0.015,
          0.022,
          0.019
        ],
        [
          -0.063,
          -0.195,
          -0.009,
          0.136,
          -0.002,
          1.0,
          0.316,
          0.07,
          -0.103,
          -0.142,
          -0.103,
          0.037
        ],
        [
          -0.049,
          -0.243,
          -0.106,
          -0.057,
          0.011,
          0.316,
          1.0,
          0.223,
          0.008,
          -0.042,
          -0.154,
          -0.002
        ],
        [
          -0.012,
          -0.162,
          -0.057,
          -0.125,
          0.046,
          0.07,
          0.223,
          1.0,
          0.155,
          -0.188,
          -0.035,
          -0.103
        ],
        [
          -0.014,
          -0.138,
          0.01,
          -0.241,
          0.086,
          -0.103,
          0.008,
          0.155,
          1.0,
          0.072,
          -0.065,
          -0.075
        ],
        [
          -0.056,
          -0.044,
          -0.047,
          -0.07,
          0.015,
          -0.142,
          -0.042,
          -0.188,
          0.072,
          1.0,
          -0.025,
          0.016
        ],
        [
          -0.106,
          -0.041,
          0.003,
          -0.063,
          0.022,
          -0.103,
          -0.154,
          -0.035,
          -0.065,
          -0.025,
          1.0,
          0.175
        ],
        [
          -0.074,
          -0.07,
          0.01,
          -0.132,
          0.019,
          0.037,
          -0.002,
          -0.103,
          -0.075,
          0.016,
          0.175,
          1.0
        ]
      ],
      "decoder_angle_test": {
        "explained_frac_pc12": 0.2893,
        "angles": {
          "8": 2.114,
          "4": 1.7902,
          "1": -0.144,
          "9": 1.2427,
          "3": -0.9413,
          "2": -0.4433,
          "6": -2.6787,
          "5": -2.1562,
          "11": 1.4298,
          "7": -3.096,
          "10": 1.0438,
          "0": 1.0755
        },
        "fisher_lee_r": 0.5916,
        "p_perm": 0.00035,
        "proj": [
          [
            -0.29834,
            0.49406
          ],
          [
            -0.04934,
            0.22126
          ],
          [
            0.66614,
            -0.09661
          ],
          [
            0.14122,
            0.41493
          ],
          [
            0.45514,
            -0.6249
          ],
          [
            0.34956,
            -0.16598
          ],
          [
            -0.62839,
            -0.31364
          ],
          [
            -0.38009,
            -0.57339
          ],
          [
            0.03338,
            0.23514
          ],
          [
            -0.53749,
            -0.02454
          ],
          [
            0.1947,
            0.33458
          ],
          [
            0.05352,
            0.09907
          ]
        ]
      }
    }
  },
  "layer_9_width_65k_l0_medium": {
    "weekday": {
      "top1": {
        "0": 11882,
        "1": 18360,
        "2": 18360,
        "3": 42052,
        "4": 34888,
        "5": 15669,
        "6": 13460
      },
      "n_distinct_feats": 6,
      "adjacent_mean_cos": 0.1235,
      "adjacent_max_cos": 0.2697,
      "nonadjacent_mean_cos": -0.1073,
      "nonadjacent_max_cos": 0.0775,
      "cos_matrix": [
        [
          1.0,
          0.022,
          0.022,
          -0.216,
          -0.152,
          -0.031,
          0.27
        ],
        [
          0.022,
          1.0,
          1.0,
          0.077,
          -0.329,
          -0.039,
          -0.035
        ],
        [
          0.022,
          1.0,
          1.0,
          0.077,
          -0.329,
          -0.039,
          -0.035
        ],
        [
          -0.216,
          0.077,
          0.077,
          1.0,
          0.132,
          -0.165,
          -0.111
        ],
        [
          -0.152,
          -0.329,
          -0.329,
          0.132,
          1.0,
          0.096,
          -0.12
        ],
        [
          -0.031,
          -0.039,
          -0.039,
          -0.165,
          0.096,
          1.0,
          0.144
        ],
        [
          0.27,
          -0.035,
          -0.035,
          -0.111,
          -0.12,
          0.144,
          1.0
        ]
      ],
      "decoder_angle_test": {
        "explained_frac_pc12": 0.5952,
        "angles": {
          "0": 1.7695,
          "6": 2.0207,
          "5": 2.7272,
          "1": -0.0972,
          "2": -0.0972,
          "4": -2.5499,
          "3": -1.6881
        },
        "fisher_lee_r": 0.8863,
        "p_perm": 0.00485,
        "proj": [
          [
            -0.12697,
            0.63074
          ],
          [
            -0.27153,
            0.56219
          ],
          [
            -0.37505,
            0.16499
          ],
          [
            0.79348,
            -0.07736
          ],
          [
            0.79348,
            -0.07736
          ],
          [
            -0.72935,
            -0.49008
          ],
          [
            -0.08406,
            -0.71314
          ]
        ]
      }
    },
    "month": {
      "top1": {
        "0": 7871,
        "1": 35641,
        "2": 63758,
        "3": 16371,
        "4": 10909,
        "5": 33911,
        "6": 45811,
        "7": 45811,
        "8": 59147,
        "9": 11864,
        "10": 25161,
        "11": 14587
      },
      "n_distinct_feats": 11,
      "adjacent_mean_cos": -0.0213,
      "adjacent_max_cos": 0.4015,
      "nonadjacent_mean_cos": 0.005,
      "nonadjacent_max_cos": 0.2343,
      "cos_matrix": [
        [
          1.0,
          0.056,
          -0.115,
          0.072,
          -0.008,
          -0.086,
          0.048,
          0.048,
          0.014,
          0.119,
          0.229,
          0.084
        ],
        [
          0.056,
          1.0,
          -0.13,
          -0.146,
          0.136,
          -0.146,
          -0.001,
          -0.001,
          0.061,
          0.039,
          -0.116,
          -0.005
        ],
        [
          -0.115,
          -0.13,
          1.0,
          0.004,
          -0.097,
          0.048,
          0.059,
          0.059,
          0.052,
          0.119,
          -0.088,
          -0.048
        ],
        [
          0.072,
          -0.146,
          0.004,
          1.0,
          -0.054,
          0.152,
          0.187,
          0.187,
          0.022,
          0.023,
          -0.014,
          0.028
        ],
        [
          -0.008,
          0.136,
          -0.097,
          -0.054,
          1.0,
          0.069,
          0.047,
          0.047,
          -0.024,
          0.095,
          0.018,
          0.096
        ],
        [
          -0.086,
          -0.146,
          0.048,
          0.152,
          0.069,
          1.0,
          -0.209,
          -0.209,
          0.044,
          -0.051,
          -0.074,
          -0.047
        ],
        [
          0.048,
          -0.001,
          0.059,
          0.187,
          0.047,
          -0.209,
          1.0,
          1.0,
          -0.109,
          0.234,
          -0.175,
          -0.118
        ],
        [
          0.048,
          -0.001,
          0.059,
          0.187,
          0.047,
          -0.209,
          1.0,
          1.0,
          -0.109,
          0.234,
          -0.175,
          -0.118
        ],
        [
          0.014,
          0.061,
          0.052,
          0.022,
          -0.024,
          0.044,
          -0.109,
          -0.109,
          1.0,
          -0.235,
          -0.21,
          -0.043
        ],
        [
          0.119,
          0.039,
          0.119,
          0.023,
          0.095,
          -0.051,
          0.234,
          0.234,
          -0.235,
          1.0,
          -0.113,
          -0.022
        ],
        [
          0.229,
          -0.116,
          -0.088,
          -0.014,
          0.018,
          -0.074,
          -0.175,
          -0.175,
          -0.21,
          -0.113,
          1.0,
          0.401
        ],
        [
          0.084,
          -0.005,
          -0.048,
          0.028,
          0.096,
          -0.047,
          -0.118,
          -0.118,
          -0.043,
          -0.022,
          0.401,
          1.0
        ]
      ],
      "decoder_angle_test": {
        "explained_frac_pc12": 0.3444,
        "angles": {
          "0": -2.0057,
          "4": -2.865,
          "9": -0.4132,
          "11": -2.4472,
          "3": 1.2275,
          "10": -2.3199,
          "5": 2.1545,
          "1": -2.8954,
          "6": -0.1532,
          "7": -0.1532,
          "8": 1.9702,
          "2": 1.4806
        },
        "fisher_lee_r": 0.2872,
        "p_perm": 0.044498,
        "proj": [
          [
            -0.16249,
            -0.34976
          ],
          [
            -0.13306,
            -0.03777
          ],
          [
            0.28021,
            -0.12284
          ],
          [
            -0.48689,
            -0.40546
          ],
          [
            0.06972,
            0.19507
          ],
          [
            -0.53387,
            -0.5741
          ],
          [
            -0.37293,
            0.56465
          ],
          [
            -0.08153,
            -0.02049
          ],
          [
            0.81584,
            -0.12594
          ],
          [
            0.81584,
            -0.12594
          ],
          [
            -0.2483,
            0.5883
          ],
          [
            0.03747,
            0.41429
          ]
        ]
      }
    }
  },
  "layer_17_width_65k_l0_medium": {
    "weekday": {
      "top1": {
        "0": 49416,
        "1": 49416,
        "2": 49416,
        "3": 19179,
        "4": 4756,
        "5": 18792,
        "6": 49416
      },
      "n_distinct_feats": 4,
      "adjacent_mean_cos": -0.0408,
      "adjacent_max_cos": 0.0826,
      "nonadjacent_mean_cos": -0.0198,
      "nonadjacent_max_cos": 0.0462,
      "cos_matrix": [
        [
          1.0,
          1.0,
          1.0,
          -0.098,
          0.046,
          -0.001,
          1.0
        ],
        [
          1.0,
          1.0,
          1.0,
          -0.098,
          0.046,
          -0.001,
          1.0
        ],
        [
          1.0,
          1.0,
          1.0,
          -0.098,
          0.046,
          -0.001,
          1.0
        ],
        [
          -0.098,
          -0.098,
          -0.098,
          1.0,
          0.083,
          -0.105,
          -0.098
        ],
        [
          0.046,
          0.046,
          0.046,
          0.083,
          1.0,
          -0.147,
          0.046
        ],
        [
          -0.001,
          -0.001,
          -0.001,
          -0.105,
          -0.147,
          1.0,
          -0.001
        ],
        [
          1.0,
          1.0,
          1.0,
          -0.098,
          0.046,
          -0.001,
          1.0
        ]
      ],
      "decoder_angle_test": {
        "explained_frac_pc12": 0.7957,
        "angles": {
          "4": 2.4445,
          "5": -2.11,
          "3": 2.7827,
          "0": 0.0537,
          "1": 0.0537,
          "2": 0.0537,
          "6": 0.0537
        },
        "fisher_lee_r": 0.384,
        "p_perm": 0.19869,
        "proj": [
          [
            -0.60049,
            0.50284
          ],
          [
            -0.54845,
            -0.91669
          ],
          [
            -0.82113,
            0.30802
          ],
          [
            0.49252,
            0.02646
          ],
          [
            0.49252,
            0.02646
          ],
          [
            0.49252,
            0.02646
          ],
          [
            0.49252,
            0.02646
          ]
        ]
      }
    },
    "month": {
      "top1": {
        "0": 14834,
        "1": 14834,
        "2": 28078,
        "3": 28078,
        "4": 16646,
        "5": 14834,
        "6": 11426,
        "7": 11426,
        "8": 11426,
        "9": 14834,
        "10": 20584,
        "11": 12130
      },
      "n_distinct_feats": 6,
      "adjacent_mean_cos": -0.0733,
      "adjacent_max_cos": 0.1244,
      "nonadjacent_mean_cos": -0.0219,
      "nonadjacent_max_cos": 0.2579,
      "cos_matrix": [
        [
          1.0,
          1.0,
          0.018,
          0.018,
          -0.046,
          1.0,
          -0.151,
          -0.151,
          -0.151,
          1.0,
          -0.185,
          -0.21
        ],
        [
          1.0,
          1.0,
          0.018,
          0.018,
          -0.046,
          1.0,
          -0.151,
          -0.151,
          -0.151,
          1.0,
          -0.185,
          -0.21
        ],
        [
          0.018,
          0.018,
          1.0,
          1.0,
          0.013,
          0.018,
          -0.011,
          -0.011,
          -0.011,
          0.018,
          0.056,
          0.008
        ],
        [
          0.018,
          0.018,
          1.0,
          1.0,
          0.013,
          0.018,
          -0.011,
          -0.011,
          -0.011,
          0.018,
          0.056,
          0.008
        ],
        [
          -0.046,
          -0.046,
          0.013,
          0.013,
          1.0,
          -0.046,
          0.009,
          0.009,
          0.009,
          -0.046,
          0.011,
          -0.008
        ],
        [
          1.0,
          1.0,
          0.018,
          0.018,
          -0.046,
          1.0,
          -0.151,
          -0.151,
          -0.151,
          1.0,
          -0.185,
          -0.21
        ],
        [
          -0.151,
          -0.151,
          -0.011,
          -0.011,
          0.009,
          -0.151,
          1.0,
          1.0,
          1.0,
          -0.151,
          0.257,
          0.258
        ],
        [
          -0.151,
          -0.151,
          -0.011,
          -0.011,
          0.009,
          -0.151,
          1.0,
          1.0,
          1.0,
          -0.151,
          0.257,
          0.258
        ],
        [
          -0.151,
          -0.151,
          -0.011,
          -0.011,
          0.009,
          -0.151,
          1.0,
          1.0,
          1.0,
          -0.151,
          0.257,
          0.258
        ],
        [
          1.0,
          1.0,
          0.018,
          0.018,
          -0.046,
          1.0,
          -0.151,
          -0.151,
          -0.151,
          1.0,
          -0.185,
          -0.21
        ],
        [
          -0.185,
          -0.185,
          0.056,
          0.056,
          0.011,
          -0.185,
          0.257,
          0.257,
          0.257,
          -0.185,
          1.0,
          0.124
        ],
        [
          -0.21,
          -0.21,
          0.008,
          0.008,
          -0.008,
          -0.21,
          0.258,
          0.258,
          0.258,
          -0.21,
          0.124,
          1.0
        ]
      ],
      "decoder_angle_test": {
        "explained_frac_pc12": 0.6822,
        "angles": {
          "6": -2.5994,
          "7": -2.5994,
          "8": -2.5994,
          "11": 3.0378,
          "0": -0.2514,
          "1": -0.2514,
          "5": -0.2514,
          "9": -0.2514,
          "4": 2.1192,
          "10": 2.9155,
          "2": 1.6525,
          "3": 1.6525
        },
        "fisher_lee_r": 0.0998,
        "p_perm": 0.366332,
        "proj": [
          [
            -0.68706,
            -0.41393
          ],
          [
            -0.68706,
            -0.41393
          ],
          [
            -0.68706,
            -0.41393
          ],
          [
            -0.43995,
            0.04582
          ],
          [
            0.79451,
            -0.20406
          ],
          [
            0.79451,
            -0.20406
          ],
          [
            0.79451,
            -0.20406
          ],
          [
            0.79451,
            -0.20406
          ],
          [
            -0.11533,
            0.18877
          ],
          [
            -0.42013,
            0.09664
          ],
          [
            -0.07074,
            0.8634
          ],
          [
            -0.07074,
            0.8634
          ]
        ]
      }
    }
  },
  "layer_29_width_65k_l0_medium": {
    "weekday": {
      "top1": {
        "0": 51224,
        "1": 4756,
        "2": 51224,
        "3": 46255,
        "4": 54005,
        "5": 27980,
        "6": 28188
      },
      "n_distinct_feats": 6,
      "adjacent_mean_cos": -0.052,
      "adjacent_max_cos": 0.0562,
      "nonadjacent_mean_cos": -0.0548,
      "nonadjacent_max_cos": 0.0524,
      "cos_matrix": [
        [
          1.0,
          -0.004,
          1.0,
          0.019,
          -0.208,
          -0.033,
          -0.122
        ],
        [
          -0.004,
          1.0,
          -0.004,
          -0.041,
          -0.04,
          0.052,
          -0.001
        ],
        [
          1.0,
          -0.004,
          1.0,
          0.019,
          -0.208,
          -0.033,
          -0.122
        ],
        [
          0.019,
          -0.041,
          0.019,
          1.0,
          -0.242,
          -0.009,
          -0.1
        ],
        [
          -0.208,
          -0.04,
          -0.208,
          -0.242,
          1.0,
          -0.067,
          0.011
        ],
        [
          -0.033,
          0.052,
          -0.033,
          -0.009,
          -0.067,
          1.0,
          0.056
        ],
        [
          -0.122,
          -0.001,
          -0.122,
          -0.1,
          0.011,
          0.056,
          1.0
        ]
      ],
      "decoder_angle_test": {
        "explained_frac_pc12": 0.5219,
        "angles": {
          "1": -2.866,
          "5": -2.4236,
          "6": 2.9439,
          "3": -1.5737,
          "0": 0.2416,
          "2": 0.2416,
          "4": 2.2938
        },
        "fisher_lee_r": 0.0968,
        "p_perm": 0.570971,
        "proj": [
          [
            -0.24327,
            -0.06879
          ],
          [
            -0.30077,
            -0.2627
          ],
          [
            -0.47172,
            0.09449
          ],
          [
            -0.00232,
            -0.79334
          ],
          [
            0.79155,
            0.19503
          ],
          [
            0.79155,
            0.19503
          ],
          [
            -0.56503,
            0.64028
          ]
        ]
      }
    },
    "month": {
      "top1": {
        "0": 52755,
        "1": 55855,
        "2": 57762,
        "3": 26092,
        "4": 30361,
        "5": 51803,
        "6": 19566,
        "7": 23778,
        "8": 17595,
        "9": 51606,
        "10": 8982,
        "11": 60411
      },
      "n_distinct_feats": 12,
      "adjacent_mean_cos": 0.1286,
      "adjacent_max_cos": 0.2494,
      "nonadjacent_mean_cos": -0.0275,
      "nonadjacent_max_cos": 0.1083,
      "cos_matrix": [
        [
          1.0,
          0.017,
          -0.094,
          -0.137,
          -0.009,
          -0.153,
          0.065,
          0.013,
          -0.084,
          -0.005,
          -0.077,
          0.066
        ],
        [
          0.017,
          1.0,
          0.063,
          -0.037,
          -0.02,
          -0.007,
          -0.05,
          0.019,
          0.033,
          -0.073,
          0.03,
          -0.095
        ],
        [
          -0.094,
          0.063,
          1.0,
          0.069,
          -0.051,
          -0.059,
          -0.104,
          -0.031,
          -0.018,
          -0.131,
          -0.042,
          -0.095
        ],
        [
          -0.137,
          -0.037,
          0.069,
          1.0,
          0.017,
          0.01,
          0.023,
          -0.14,
          -0.03,
          0.02,
          -0.086,
          -0.095
        ],
        [
          -0.009,
          -0.02,
          -0.051,
          0.017,
          1.0,
          0.012,
          -0.013,
          -0.022,
          -0.038,
          -0.014,
          0.025,
          -0.026
        ],
        [
          -0.153,
          -0.007,
          -0.059,
          0.01,
          0.012,
          1.0,
          0.174,
          -0.027,
          -0.004,
          -0.15,
          -0.009,
          0.032
        ],
        [
          0.065,
          -0.05,
          -0.104,
          0.023,
          -0.013,
          0.174,
          1.0,
          0.198,
          0.026,
          0.07,
          -0.099,
          0.04
        ],
        [
          0.013,
          0.019,
          -0.031,
          -0.14,
          -0.022,
          -0.027,
          0.198,
          1.0,
          0.249,
          0.026,
          0.053,
          -0.037
        ],
        [
          -0.084,
          0.033,
          -0.018,
          -0.03,
          -0.038,
          -0.004,
          0.026,
          0.249,
          1.0,
          0.226,
          0.108,
          0.037
        ],
        [
          -0.005,
          -0.073,
          -0.131,
          0.02,
          -0.014,
          -0.15,
          0.07,
          0.026,
          0.226,
          1.0,
          0.221,
          0.05
        ],
        [
          -0.077,
          0.03,
          -0.042,
          -0.086,
          0.025,
          -0.009,
          -0.099,
          0.053,
          0.108,
          0.221,
          1.0,
          0.232
        ],
        [
          0.066,
          -0.095,
          -0.095,
          -0.095,
          -0.026,
          0.032,
          0.04,
          -0.037,
          0.037,
          0.05,
          0.232,
          1.0
        ]
      ],
      "decoder_angle_test": {
        "explained_frac_pc12": 0.2515,
        "angles": {
          "10": -2.369,
          "8": -2.8694,
          "6": 1.4853,
          "7": 2.1173,
          "3": -0.4608,
          "4": -0.2803,
          "9": -2.7028,
          "5": 0.8086,
          "0": 1.8367,
          "1": -0.5835,
          "2": -0.6714,
          "11": -3.0873
        },
        "fisher_lee_r": 0.4168,
        "p_perm": 0.011749,
        "proj": [
          [
            -0.43369,
            -0.42268
          ],
          [
            -0.32588,
            -0.09095
          ],
          [
            0.05786,
            0.67542
          ],
          [
            -0.21317,
            0.35042
          ],
          [
            0.49753,
            -0.247
          ],
          [
            0.19461,
            -0.05602
          ],
          [
            -0.49645,
            -0.23302
          ],
          [
            0.34148,
            0.3577
          ],
          [
            -0.07741,
            0.28424
          ],
          [
            0.28622,
            -0.18896
          ],
          [
            0.51636,
            -0.41026
          ],
          [
            -0.34746,
            -0.01889
          ]
        ]
      }
    }
  }
}
